1.000000000000000000e+00 6.956787109375000000e-01
1.500000000000000000e+00 4.940185546875000000e-01
2.000000000000000000e+00 3.923339843750000000e-01
2.500000000000000000e+00 3.530273437500000000e-01
3.000000000000000000e+00 3.366699218750000000e-01
3.500000000000000000e+00 3.049316406250000000e-01
4.000000000000000000e+00 3.041992187500000000e-01
4.500000000000000000e+00 2.894287109375000000e-01
5.000000000000000000e+00 2.850341796875000000e-01
5.500000000000000000e+00 2.854003906250000000e-01
6.000000000000000000e+00 2.827148437500000000e-01
6.500000000000000000e+00 2.911376953125000000e-01
7.000000000000000000e+00 2.855224609375000000e-01
7.500000000000000000e+00 2.745361328125000000e-01
8.000000000000000000e+00 2.862548828125000000e-01
