1.000000000000000000e+00 7.075195312500000000e-01
1.500000000000000000e+00 4.853515625000000000e-01
2.000000000000000000e+00 4.139404296875000000e-01
2.500000000000000000e+00 3.952636718750000000e-01
3.000000000000000000e+00 3.559570312500000000e-01
3.500000000000000000e+00 3.449707031250000000e-01
4.000000000000000000e+00 3.110351562500000000e-01
4.500000000000000000e+00 3.032226562500000000e-01
5.000000000000000000e+00 2.845458984375000000e-01
5.500000000000000000e+00 2.825927734375000000e-01
6.000000000000000000e+00 2.875976562500000000e-01
6.500000000000000000e+00 2.839355468750000000e-01
7.000000000000000000e+00 2.827148437500000000e-01
7.500000000000000000e+00 2.760009765625000000e-01
8.000000000000000000e+00 2.675781250000000000e-01
