1.000000000000000000e+00 7.425537109375000000e-01
1.500000000000000000e+00 5.374755859375000000e-01
2.000000000000000000e+00 4.637451171875000000e-01
2.500000000000000000e+00 3.779296875000000000e-01
3.000000000000000000e+00 3.664550781250000000e-01
3.500000000000000000e+00 3.499755859375000000e-01
4.000000000000000000e+00 3.034667968750000000e-01
4.500000000000000000e+00 3.029785156250000000e-01
5.000000000000000000e+00 2.871093750000000000e-01
5.500000000000000000e+00 3.071289062500000000e-01
6.000000000000000000e+00 2.890625000000000000e-01
6.500000000000000000e+00 2.930908203125000000e-01
7.000000000000000000e+00 2.796630859375000000e-01
7.500000000000000000e+00 2.888183593750000000e-01
8.000000000000000000e+00 2.855224609375000000e-01
