1.000000000000000000e+00 6.910400390625000000e-01
1.500000000000000000e+00 5.146484375000000000e-01
2.000000000000000000e+00 4.287109375000000000e-01
2.500000000000000000e+00 3.858642578125000000e-01
3.000000000000000000e+00 3.460693359375000000e-01
3.500000000000000000e+00 3.041992187500000000e-01
4.000000000000000000e+00 2.921142578125000000e-01
4.500000000000000000e+00 2.916259765625000000e-01
5.000000000000000000e+00 2.735595703125000000e-01
5.500000000000000000e+00 2.792968750000000000e-01
6.000000000000000000e+00 2.790527343750000000e-01
6.500000000000000000e+00 2.730712890625000000e-01
7.000000000000000000e+00 2.700195312500000000e-01
7.500000000000000000e+00 2.719726562500000000e-01
8.000000000000000000e+00 2.777099609375000000e-01
