1.000000000000000000e+00 7.098388671875000000e-01
1.500000000000000000e+00 4.907226562500000000e-01
2.000000000000000000e+00 3.950195312500000000e-01
2.500000000000000000e+00 3.687744140625000000e-01
3.000000000000000000e+00 3.659667968750000000e-01
3.500000000000000000e+00 3.128662109375000000e-01
4.000000000000000000e+00 2.950439453125000000e-01
4.500000000000000000e+00 2.792968750000000000e-01
5.000000000000000000e+00 2.875976562500000000e-01
5.500000000000000000e+00 2.761230468750000000e-01
6.000000000000000000e+00 2.706298828125000000e-01
6.500000000000000000e+00 2.844238281250000000e-01
7.000000000000000000e+00 2.807617187500000000e-01
7.500000000000000000e+00 2.783203125000000000e-01
8.000000000000000000e+00 2.780761718750000000e-01
