1.000000000000000000e+00 6.785888671875000000e-01
1.500000000000000000e+00 5.026855468750000000e-01
2.000000000000000000e+00 3.989257812500000000e-01
2.500000000000000000e+00 3.397216796875000000e-01
3.000000000000000000e+00 3.298339843750000000e-01
3.500000000000000000e+00 2.958984375000000000e-01
4.000000000000000000e+00 2.939453125000000000e-01
4.500000000000000000e+00 2.731933593750000000e-01
5.000000000000000000e+00 2.708740234375000000e-01
5.500000000000000000e+00 2.663574218750000000e-01
6.000000000000000000e+00 2.696533203125000000e-01
6.500000000000000000e+00 2.509765625000000000e-01
7.000000000000000000e+00 2.601318359375000000e-01
7.500000000000000000e+00 2.731933593750000000e-01
8.000000000000000000e+00 2.622070312500000000e-01
