1.000000000000000000e+00 7.369384765625000000e-01
1.500000000000000000e+00 6.284179687500000000e-01
2.000000000000000000e+00 4.415283203125000000e-01
2.500000000000000000e+00 3.724365234375000000e-01
3.000000000000000000e+00 3.856201171875000000e-01
3.500000000000000000e+00 3.476562500000000000e-01
4.000000000000000000e+00 3.284912109375000000e-01
4.500000000000000000e+00 3.072509765625000000e-01
5.000000000000000000e+00 2.951660156250000000e-01
5.500000000000000000e+00 2.935791015625000000e-01
6.000000000000000000e+00 2.810058593750000000e-01
6.500000000000000000e+00 2.854003906250000000e-01
7.000000000000000000e+00 2.773437500000000000e-01
7.500000000000000000e+00 2.735595703125000000e-01
8.000000000000000000e+00 2.808837890625000000e-01
