1.000000000000000000e+00 6.789550781250000000e-01
1.500000000000000000e+00 5.568847656250000000e-01
2.000000000000000000e+00 4.467773437500000000e-01
2.500000000000000000e+00 3.762207031250000000e-01
3.000000000000000000e+00 3.208007812500000000e-01
3.500000000000000000e+00 3.085937500000000000e-01
4.000000000000000000e+00 2.674560546875000000e-01
4.500000000000000000e+00 2.789306640625000000e-01
5.000000000000000000e+00 2.739257812500000000e-01
5.500000000000000000e+00 2.874755859375000000e-01
6.000000000000000000e+00 2.785644531250000000e-01
6.500000000000000000e+00 2.750244140625000000e-01
7.000000000000000000e+00 2.720947265625000000e-01
7.500000000000000000e+00 2.744140625000000000e-01
8.000000000000000000e+00 2.745361328125000000e-01
