1.000000000000000000e+00 7.160644531250000000e-01
1.500000000000000000e+00 5.430908203125000000e-01
2.000000000000000000e+00 4.473876953125000000e-01
2.500000000000000000e+00 4.388427734375000000e-01
3.000000000000000000e+00 3.760986328125000000e-01
3.500000000000000000e+00 3.531494140625000000e-01
4.000000000000000000e+00 3.204345703125000000e-01
4.500000000000000000e+00 2.963867187500000000e-01
5.000000000000000000e+00 3.179931640625000000e-01
5.500000000000000000e+00 2.923583984375000000e-01
6.000000000000000000e+00 2.807617187500000000e-01
6.500000000000000000e+00 2.762451171875000000e-01
7.000000000000000000e+00 2.827148437500000000e-01
7.500000000000000000e+00 2.633056640625000000e-01
8.000000000000000000e+00 2.741699218750000000e-01
