1.000000000000000000e+00 6.705322265625000000e-01
1.500000000000000000e+00 4.279785156250000000e-01
2.000000000000000000e+00 3.983154296875000000e-01
2.500000000000000000e+00 2.939453125000000000e-01
3.000000000000000000e+00 2.817382812500000000e-01
3.500000000000000000e+00 2.706298828125000000e-01
4.000000000000000000e+00 2.659912109375000000e-01
4.500000000000000000e+00 2.700195312500000000e-01
5.000000000000000000e+00 2.786865234375000000e-01
5.500000000000000000e+00 2.691650390625000000e-01
6.000000000000000000e+00 2.788085937500000000e-01
6.500000000000000000e+00 2.736816406250000000e-01
7.000000000000000000e+00 2.760009765625000000e-01
7.500000000000000000e+00 2.762451171875000000e-01
8.000000000000000000e+00 2.763671875000000000e-01
