1.000000000000000000e+00 7.225341796875000000e-01
1.500000000000000000e+00 5.849609375000000000e-01
2.000000000000000000e+00 5.039062500000000000e-01
2.500000000000000000e+00 4.014892578125000000e-01
3.000000000000000000e+00 3.887939453125000000e-01
3.500000000000000000e+00 3.327636718750000000e-01
4.000000000000000000e+00 3.281250000000000000e-01
4.500000000000000000e+00 2.977294921875000000e-01
5.000000000000000000e+00 2.822265625000000000e-01
5.500000000000000000e+00 2.746582031250000000e-01
6.000000000000000000e+00 2.733154296875000000e-01
6.500000000000000000e+00 2.843017578125000000e-01
7.000000000000000000e+00 2.757568359375000000e-01
7.500000000000000000e+00 2.822265625000000000e-01
8.000000000000000000e+00 2.736816406250000000e-01
