1.000000000000000000e+00 6.688232421875000000e-01
1.500000000000000000e+00 4.755859375000000000e-01
2.000000000000000000e+00 3.875732421875000000e-01
2.500000000000000000e+00 3.574218750000000000e-01
3.000000000000000000e+00 3.159179687500000000e-01
3.500000000000000000e+00 2.918701171875000000e-01
4.000000000000000000e+00 2.978515625000000000e-01
4.500000000000000000e+00 2.962646484375000000e-01
5.000000000000000000e+00 2.838134765625000000e-01
5.500000000000000000e+00 2.834472656250000000e-01
6.000000000000000000e+00 2.762451171875000000e-01
6.500000000000000000e+00 2.706298828125000000e-01
7.000000000000000000e+00 2.823486328125000000e-01
7.500000000000000000e+00 2.812500000000000000e-01
8.000000000000000000e+00 2.712402343750000000e-01
