1.000000000000000000e+00 6.791992187500000000e-01
1.500000000000000000e+00 5.244140625000000000e-01
2.000000000000000000e+00 4.101562500000000000e-01
2.500000000000000000e+00 3.568115234375000000e-01
3.000000000000000000e+00 3.284912109375000000e-01
3.500000000000000000e+00 3.192138671875000000e-01
4.000000000000000000e+00 3.081054687500000000e-01
4.500000000000000000e+00 2.883300781250000000e-01
5.000000000000000000e+00 2.828369140625000000e-01
5.500000000000000000e+00 2.773437500000000000e-01
6.000000000000000000e+00 2.757568359375000000e-01
6.500000000000000000e+00 2.845458984375000000e-01
7.000000000000000000e+00 2.863769531250000000e-01
7.500000000000000000e+00 2.784423828125000000e-01
8.000000000000000000e+00 2.792968750000000000e-01
