1.000000000000000000e+00 6.744384765625000000e-01
1.500000000000000000e+00 4.610595703125000000e-01
2.000000000000000000e+00 4.371337890625000000e-01
2.500000000000000000e+00 3.604736328125000000e-01
3.000000000000000000e+00 3.460693359375000000e-01
3.500000000000000000e+00 3.039550781250000000e-01
4.000000000000000000e+00 2.733154296875000000e-01
4.500000000000000000e+00 2.674560546875000000e-01
5.000000000000000000e+00 2.753906250000000000e-01
5.500000000000000000e+00 2.608642578125000000e-01
6.000000000000000000e+00 2.561035156250000000e-01
6.500000000000000000e+00 2.526855468750000000e-01
7.000000000000000000e+00 2.597656250000000000e-01
7.500000000000000000e+00 2.662353515625000000e-01
8.000000000000000000e+00 2.595214843750000000e-01
