1.000000000000000000e+00 7.036132812500000000e-01
1.500000000000000000e+00 4.909667968750000000e-01
2.000000000000000000e+00 4.105224609375000000e-01
2.500000000000000000e+00 3.850097656250000000e-01
3.000000000000000000e+00 3.648681640625000000e-01
3.500000000000000000e+00 3.272705078125000000e-01
4.000000000000000000e+00 3.245849609375000000e-01
4.500000000000000000e+00 2.952880859375000000e-01
5.000000000000000000e+00 2.891845703125000000e-01
5.500000000000000000e+00 2.812500000000000000e-01
6.000000000000000000e+00 2.912597656250000000e-01
6.500000000000000000e+00 2.823486328125000000e-01
7.000000000000000000e+00 2.756347656250000000e-01
7.500000000000000000e+00 2.934570312500000000e-01
8.000000000000000000e+00 2.836914062500000000e-01
