1.000000000000000000e+00 6.569824218750000000e-01
1.500000000000000000e+00 4.471435546875000000e-01
2.000000000000000000e+00 3.880615234375000000e-01
2.500000000000000000e+00 3.395996093750000000e-01
3.000000000000000000e+00 3.206787109375000000e-01
3.500000000000000000e+00 2.864990234375000000e-01
4.000000000000000000e+00 2.786865234375000000e-01
4.500000000000000000e+00 2.949218750000000000e-01
5.000000000000000000e+00 2.824707031250000000e-01
5.500000000000000000e+00 2.817382812500000000e-01
6.000000000000000000e+00 2.746582031250000000e-01
6.500000000000000000e+00 2.670898437500000000e-01
7.000000000000000000e+00 2.794189453125000000e-01
7.500000000000000000e+00 2.810058593750000000e-01
8.000000000000000000e+00 2.803955078125000000e-01
