1.000000000000000000e+00 6.561279296875000000e-01
1.500000000000000000e+00 4.595947265625000000e-01
2.000000000000000000e+00 3.409423828125000000e-01
2.500000000000000000e+00 3.343505859375000000e-01
3.000000000000000000e+00 2.840576171875000000e-01
3.500000000000000000e+00 2.659912109375000000e-01
4.000000000000000000e+00 2.790527343750000000e-01
4.500000000000000000e+00 2.685546875000000000e-01
5.000000000000000000e+00 2.685546875000000000e-01
5.500000000000000000e+00 2.792968750000000000e-01
6.000000000000000000e+00 2.725830078125000000e-01
6.500000000000000000e+00 2.723388671875000000e-01
7.000000000000000000e+00 2.768554687500000000e-01
7.500000000000000000e+00 2.763671875000000000e-01
8.000000000000000000e+00 2.707519531250000000e-01
