1.000000000000000000e+00 7.091064453125000000e-01
1.500000000000000000e+00 5.402832031250000000e-01
2.000000000000000000e+00 4.320068359375000000e-01
2.500000000000000000e+00 3.920898437500000000e-01
3.000000000000000000e+00 3.718261718750000000e-01
3.500000000000000000e+00 3.220214843750000000e-01
4.000000000000000000e+00 3.067626953125000000e-01
4.500000000000000000e+00 2.989501953125000000e-01
5.000000000000000000e+00 2.905273437500000000e-01
5.500000000000000000e+00 2.924804687500000000e-01
6.000000000000000000e+00 3.140869140625000000e-01
6.500000000000000000e+00 2.949218750000000000e-01
7.000000000000000000e+00 2.929687500000000000e-01
7.500000000000000000e+00 2.877197265625000000e-01
8.000000000000000000e+00 2.808837890625000000e-01
