1.000000000000000000e+00 6.662597656250000000e-01
1.500000000000000000e+00 5.281982421875000000e-01
2.000000000000000000e+00 4.260253906250000000e-01
2.500000000000000000e+00 3.455810546875000000e-01
3.000000000000000000e+00 3.486328125000000000e-01
3.500000000000000000e+00 3.199462890625000000e-01
4.000000000000000000e+00 3.056640625000000000e-01
4.500000000000000000e+00 2.792968750000000000e-01
5.000000000000000000e+00 2.819824218750000000e-01
5.500000000000000000e+00 2.786865234375000000e-01
6.000000000000000000e+00 2.761230468750000000e-01
6.500000000000000000e+00 2.762451171875000000e-01
7.000000000000000000e+00 2.811279296875000000e-01
7.500000000000000000e+00 2.878417968750000000e-01
8.000000000000000000e+00 2.703857421875000000e-01
