1.000000000000000000e+00 6.502685546875000000e-01
1.500000000000000000e+00 4.071044921875000000e-01
2.000000000000000000e+00 3.641357421875000000e-01
2.500000000000000000e+00 3.181152343750000000e-01
3.000000000000000000e+00 2.899169921875000000e-01
3.500000000000000000e+00 2.945556640625000000e-01
4.000000000000000000e+00 2.843017578125000000e-01
4.500000000000000000e+00 2.680664062500000000e-01
5.000000000000000000e+00 2.672119140625000000e-01
5.500000000000000000e+00 2.612304687500000000e-01
6.000000000000000000e+00 2.661132812500000000e-01
6.500000000000000000e+00 2.735595703125000000e-01
7.000000000000000000e+00 2.758789062500000000e-01
7.500000000000000000e+00 2.712402343750000000e-01
8.000000000000000000e+00 2.629394531250000000e-01
