1.000000000000000000e+00 6.502685546875000000e-01
1.500000000000000000e+00 4.688720703125000000e-01
2.000000000000000000e+00 3.646240234375000000e-01
2.500000000000000000e+00 3.234863281250000000e-01
3.000000000000000000e+00 3.221435546875000000e-01
3.500000000000000000e+00 2.846679687500000000e-01
4.000000000000000000e+00 2.918701171875000000e-01
4.500000000000000000e+00 2.955322265625000000e-01
5.000000000000000000e+00 2.890625000000000000e-01
5.500000000000000000e+00 2.840576171875000000e-01
6.000000000000000000e+00 2.801513671875000000e-01
6.500000000000000000e+00 2.824707031250000000e-01
7.000000000000000000e+00 2.840576171875000000e-01
7.500000000000000000e+00 2.907714843750000000e-01
8.000000000000000000e+00 2.864990234375000000e-01
