1.000000000000000000e+00 7.432861328125000000e-01
1.500000000000000000e+00 5.156250000000000000e-01
2.000000000000000000e+00 4.333496093750000000e-01
2.500000000000000000e+00 3.842773437500000000e-01
3.000000000000000000e+00 3.594970703125000000e-01
3.500000000000000000e+00 3.012695312500000000e-01
4.000000000000000000e+00 2.807617187500000000e-01
4.500000000000000000e+00 2.740478515625000000e-01
5.000000000000000000e+00 2.789306640625000000e-01
5.500000000000000000e+00 2.698974609375000000e-01
6.000000000000000000e+00 2.702636718750000000e-01
6.500000000000000000e+00 2.652587890625000000e-01
7.000000000000000000e+00 2.663574218750000000e-01
7.500000000000000000e+00 2.622070312500000000e-01
8.000000000000000000e+00 2.644042968750000000e-01
