1.000000000000000000e+00 6.234130859375000000e-01
1.500000000000000000e+00 4.570312500000000000e-01
2.000000000000000000e+00 3.691406250000000000e-01
2.500000000000000000e+00 3.262939453125000000e-01
3.000000000000000000e+00 3.365478515625000000e-01
3.500000000000000000e+00 3.101806640625000000e-01
4.000000000000000000e+00 2.883300781250000000e-01
4.500000000000000000e+00 2.907714843750000000e-01
5.000000000000000000e+00 2.877197265625000000e-01
5.500000000000000000e+00 3.033447265625000000e-01
6.000000000000000000e+00 2.825927734375000000e-01
6.500000000000000000e+00 2.854003906250000000e-01
7.000000000000000000e+00 2.906494140625000000e-01
7.500000000000000000e+00 2.803955078125000000e-01
8.000000000000000000e+00 2.884521484375000000e-01
