1.000000000000000000e+00 6.998291015625000000e-01
1.500000000000000000e+00 4.886474609375000000e-01
2.000000000000000000e+00 4.233398437500000000e-01
2.500000000000000000e+00 3.491210937500000000e-01
3.000000000000000000e+00 3.364257812500000000e-01
3.500000000000000000e+00 3.129882812500000000e-01
4.000000000000000000e+00 2.888183593750000000e-01
4.500000000000000000e+00 2.951660156250000000e-01
5.000000000000000000e+00 2.696533203125000000e-01
5.500000000000000000e+00 2.800292968750000000e-01
6.000000000000000000e+00 2.807617187500000000e-01
6.500000000000000000e+00 2.824707031250000000e-01
7.000000000000000000e+00 2.806396484375000000e-01
7.500000000000000000e+00 2.861328125000000000e-01
8.000000000000000000e+00 2.735595703125000000e-01
