1.000000000000000000e+00 7.384033203125000000e-01
1.500000000000000000e+00 5.870361328125000000e-01
2.000000000000000000e+00 4.733886718750000000e-01
2.500000000000000000e+00 4.345703125000000000e-01
3.000000000000000000e+00 3.825683593750000000e-01
3.500000000000000000e+00 3.466796875000000000e-01
4.000000000000000000e+00 3.104248046875000000e-01
4.500000000000000000e+00 3.250732421875000000e-01
5.000000000000000000e+00 3.048095703125000000e-01
5.500000000000000000e+00 3.028564453125000000e-01
6.000000000000000000e+00 2.864990234375000000e-01
6.500000000000000000e+00 2.935791015625000000e-01
7.000000000000000000e+00 2.952880859375000000e-01
7.500000000000000000e+00 2.818603515625000000e-01
8.000000000000000000e+00 2.906494140625000000e-01
