1.000000000000000000e+00 6.882324218750000000e-01
1.500000000000000000e+00 5.113525390625000000e-01
2.000000000000000000e+00 4.440917968750000000e-01
2.500000000000000000e+00 3.288574218750000000e-01
3.000000000000000000e+00 3.092041015625000000e-01
3.500000000000000000e+00 2.678222656250000000e-01
4.000000000000000000e+00 2.639160156250000000e-01
4.500000000000000000e+00 2.663574218750000000e-01
5.000000000000000000e+00 2.646484375000000000e-01
5.500000000000000000e+00 2.602539062500000000e-01
6.000000000000000000e+00 2.663574218750000000e-01
6.500000000000000000e+00 2.683105468750000000e-01
7.000000000000000000e+00 2.672119140625000000e-01
7.500000000000000000e+00 2.712402343750000000e-01
8.000000000000000000e+00 2.727050781250000000e-01
