-1.77261	-2.16751	0
1.8653		-0.814228	1
-2.1877		1.31998		0
-1.83072	1.4633		0
-3.47452	1.00896		0
-1.80209	-2.02977	0
1.45527		2.42248		1
0.698734	-2.51117	1
1.07322		3.03321		1
1.88174		1.03852		1
-2.20633	1.33465		0
-2.19881	-1.94731	0
-1.45627	1.48024		0
-0.938389	-0.630639	0
1.2553		0.63586		1
1.23129		2.96739		1
-1.44798	-1.30181	0
2.73348		0.180229	1
0.881583	-2.30191	1
1.79216		-1.39571	1
-1.6443		1.55572		0
1.25607		-2.0272		1
1.175		1.51036	        1
1.8464	        0.680141	1
-2.21665	1.36926		0
-1.70029	-1.56136	0
-1.66279	1.45189		0
-2.08875	1.37801		0
-1.04371	-1.60211	0
-1.97834	-2.00219	0
-0.922007	1.62755		0
-1.93354	-2.11403	0
-2.80748	1.1808		0
-1.42035	-1.71175	0
1.16215		0.445825	1
-2.14052	1.28127		0
1.70213		2.50234		1
-2.29122	1.32866		0
1.26141		0.81128		1
-1.01481	-1.36747	0
-0.651988	-0.623128	0
-1.52552	1.48759		0
1.25177		0.513885	1
-1.75474	-1.98301	0
-2.39158	1.2083		0
1.45753		2.36786		1
1.09304		-2.14581	1
-1.3587		-1.87008	0
1.71117		-1.45251	1
-1.92828	1.41226		0
0.950292	-2.14679	1
1.54141		1.522		1
0.838793	-2.2976		1
-1.6835	-1.74525		0
0.813708	-2.43143	1
-1.23452	1.57282		0
-1.29709	-0.916727	0
-1.03672	-1.53263	0
1.69472		0.98424		1
-2.99484	1.17427		0
1.08653		-1.80241	1
1.80082		-1.60823	1
1.31551		-1.99863	1
-1.4408		-1.53883	0
-0.590204	-0.224256	0
1.61275		0.277363	1
1.57611		0.873108	1
0.117137	-3.33551	1
1.51533		2.08411		1
-0.813513	1.66858		0
1.82629		2.39124		1
1.41438		-0.375723	1
-2.13987	1.31899		0
1.4135		-0.02486	1
2.06457		1.91012		1
-1.78705	-1.71581	0
-1.41824	-0.712647	0
1.9052		0.843024	1
-2.11508	1.32956		0
-1.02393	1.60738		0
-1.17318	-1.85667	0
-2.23593	1.27138		0
-1.00085	-1.16928	0
1.45662		1.19853		1
-0.623981	1.64412		0
-1.02844	-1.30366	0
-1.86018	1.37602		0
1.16475		-2.04096	1
2.46018		-0.347449	1
3.53676		1.25808		1
1.49159		0.0817262	1
2.42099		-0.502949	1
1.54448		3.15684		1
1.64386		-1.33612	1
1.40188		-1.53119	1
1.68801		-1.35583	1
1.41543		-1.32527	1
-1.73332	-1.34052	0
0.642967	-2.60326	1
0.937826	-2.30114	1
