1.000000000000000000e+00 6.555175781250000000e-01
1.500000000000000000e+00 4.074707031250000000e-01
2.000000000000000000e+00 3.262939453125000000e-01
2.500000000000000000e+00 3.183593750000000000e-01
3.000000000000000000e+00 2.979736328125000000e-01
3.500000000000000000e+00 2.862548828125000000e-01
4.000000000000000000e+00 2.591552734375000000e-01
4.500000000000000000e+00 2.641601562500000000e-01
5.000000000000000000e+00 2.669677734375000000e-01
5.500000000000000000e+00 2.590332031250000000e-01
6.000000000000000000e+00 2.650146484375000000e-01
6.500000000000000000e+00 2.639160156250000000e-01
7.000000000000000000e+00 2.581787109375000000e-01
7.500000000000000000e+00 2.669677734375000000e-01
8.000000000000000000e+00 2.586669921875000000e-01
