1.000000000000000000e+00 6.547851562500000000e-01
1.500000000000000000e+00 4.141845703125000000e-01
2.000000000000000000e+00 3.646240234375000000e-01
2.500000000000000000e+00 3.251953125000000000e-01
3.000000000000000000e+00 2.885742187500000000e-01
3.500000000000000000e+00 2.719726562500000000e-01
4.000000000000000000e+00 2.717285156250000000e-01
4.500000000000000000e+00 2.692871093750000000e-01
5.000000000000000000e+00 2.623291015625000000e-01
5.500000000000000000e+00 2.648925781250000000e-01
6.000000000000000000e+00 2.639160156250000000e-01
6.500000000000000000e+00 2.669677734375000000e-01
7.000000000000000000e+00 2.635498046875000000e-01
7.500000000000000000e+00 2.702636718750000000e-01
8.000000000000000000e+00 2.741699218750000000e-01
