1.000000000000000000e+00 6.430664062500000000e-01
1.500000000000000000e+00 4.355468750000000000e-01
2.000000000000000000e+00 4.132080078125000000e-01
2.500000000000000000e+00 3.063964843750000000e-01
3.000000000000000000e+00 3.011474609375000000e-01
3.500000000000000000e+00 2.807617187500000000e-01
4.000000000000000000e+00 2.852783203125000000e-01
4.500000000000000000e+00 2.800292968750000000e-01
5.000000000000000000e+00 2.687988281250000000e-01
5.500000000000000000e+00 2.653808593750000000e-01
6.000000000000000000e+00 2.701416015625000000e-01
6.500000000000000000e+00 2.747802734375000000e-01
7.000000000000000000e+00 2.640380859375000000e-01
7.500000000000000000e+00 2.830810546875000000e-01
8.000000000000000000e+00 2.639160156250000000e-01
