1.000000000000000000e+00 6.849365234375000000e-01
1.500000000000000000e+00 5.557861328125000000e-01
2.000000000000000000e+00 4.052734375000000000e-01
2.500000000000000000e+00 3.626708984375000000e-01
3.000000000000000000e+00 3.474121093750000000e-01
3.500000000000000000e+00 2.951660156250000000e-01
4.000000000000000000e+00 2.767333984375000000e-01
4.500000000000000000e+00 2.812500000000000000e-01
5.000000000000000000e+00 2.791748046875000000e-01
5.500000000000000000e+00 2.650146484375000000e-01
6.000000000000000000e+00 2.635498046875000000e-01
6.500000000000000000e+00 2.646484375000000000e-01
7.000000000000000000e+00 2.691650390625000000e-01
7.500000000000000000e+00 2.678222656250000000e-01
8.000000000000000000e+00 2.634277343750000000e-01
