1.000000000000000000e+00 6.899414062500000000e-01
1.500000000000000000e+00 5.017089843750000000e-01
2.000000000000000000e+00 3.729248046875000000e-01
2.500000000000000000e+00 3.720703125000000000e-01
3.000000000000000000e+00 3.436279296875000000e-01
3.500000000000000000e+00 3.045654296875000000e-01
4.000000000000000000e+00 3.098144531250000000e-01
4.500000000000000000e+00 3.000488281250000000e-01
5.000000000000000000e+00 2.917480468750000000e-01
5.500000000000000000e+00 2.777099609375000000e-01
6.000000000000000000e+00 2.720947265625000000e-01
6.500000000000000000e+00 2.864990234375000000e-01
7.000000000000000000e+00 2.727050781250000000e-01
7.500000000000000000e+00 2.703857421875000000e-01
8.000000000000000000e+00 2.739257812500000000e-01
