1.000000000000000000e+00 6.767578125000000000e-01
1.500000000000000000e+00 4.804687500000000000e-01
2.000000000000000000e+00 3.854980468750000000e-01
2.500000000000000000e+00 3.366699218750000000e-01
3.000000000000000000e+00 3.209228515625000000e-01
3.500000000000000000e+00 2.808837890625000000e-01
4.000000000000000000e+00 2.843017578125000000e-01
4.500000000000000000e+00 2.677001953125000000e-01
5.000000000000000000e+00 2.653808593750000000e-01
5.500000000000000000e+00 2.673339843750000000e-01
6.000000000000000000e+00 2.712402343750000000e-01
6.500000000000000000e+00 2.655029296875000000e-01
7.000000000000000000e+00 2.736816406250000000e-01
7.500000000000000000e+00 2.709960937500000000e-01
8.000000000000000000e+00 2.669677734375000000e-01
