1.000000000000000000e+00 6.871337890625000000e-01
1.500000000000000000e+00 4.477539062500000000e-01
2.000000000000000000e+00 3.464355468750000000e-01
2.500000000000000000e+00 3.579101562500000000e-01
3.000000000000000000e+00 3.284912109375000000e-01
3.500000000000000000e+00 2.770996093750000000e-01
4.000000000000000000e+00 2.863769531250000000e-01
4.500000000000000000e+00 2.742919921875000000e-01
5.000000000000000000e+00 2.761230468750000000e-01
5.500000000000000000e+00 2.709960937500000000e-01
6.000000000000000000e+00 2.725830078125000000e-01
6.500000000000000000e+00 2.751464843750000000e-01
7.000000000000000000e+00 2.855224609375000000e-01
7.500000000000000000e+00 2.734375000000000000e-01
8.000000000000000000e+00 2.839355468750000000e-01
