1.000000000000000000e+00 6.937255859375000000e-01
1.500000000000000000e+00 5.177001953125000000e-01
2.000000000000000000e+00 3.742675781250000000e-01
2.500000000000000000e+00 3.269042968750000000e-01
3.000000000000000000e+00 3.363037109375000000e-01
3.500000000000000000e+00 2.840576171875000000e-01
4.000000000000000000e+00 3.021240234375000000e-01
4.500000000000000000e+00 2.801513671875000000e-01
5.000000000000000000e+00 2.764892578125000000e-01
5.500000000000000000e+00 2.843017578125000000e-01
6.000000000000000000e+00 2.832031250000000000e-01
6.500000000000000000e+00 2.867431640625000000e-01
7.000000000000000000e+00 2.706298828125000000e-01
7.500000000000000000e+00 2.845458984375000000e-01
8.000000000000000000e+00 2.778320312500000000e-01
