1.000000000000000000e+00 6.365966796875000000e-01
1.500000000000000000e+00 4.671630859375000000e-01
2.000000000000000000e+00 2.996826171875000000e-01
2.500000000000000000e+00 3.153076171875000000e-01
3.000000000000000000e+00 2.777099609375000000e-01
3.500000000000000000e+00 2.530517578125000000e-01
4.000000000000000000e+00 2.615966796875000000e-01
4.500000000000000000e+00 2.448730468750000000e-01
5.000000000000000000e+00 2.498779296875000000e-01
5.500000000000000000e+00 2.484130859375000000e-01
6.000000000000000000e+00 2.619628906250000000e-01
6.500000000000000000e+00 2.596435546875000000e-01
7.000000000000000000e+00 2.611083984375000000e-01
7.500000000000000000e+00 2.651367187500000000e-01
8.000000000000000000e+00 2.651367187500000000e-01
