1.000000000000000000e+00 6.853027343750000000e-01
1.500000000000000000e+00 5.590820312500000000e-01
2.000000000000000000e+00 4.183349609375000000e-01
2.500000000000000000e+00 3.303222656250000000e-01
3.000000000000000000e+00 3.193359375000000000e-01
3.500000000000000000e+00 2.795410156250000000e-01
4.000000000000000000e+00 2.611083984375000000e-01
4.500000000000000000e+00 2.690429687500000000e-01
5.000000000000000000e+00 2.615966796875000000e-01
5.500000000000000000e+00 2.701416015625000000e-01
6.000000000000000000e+00 2.587890625000000000e-01
6.500000000000000000e+00 2.559814453125000000e-01
7.000000000000000000e+00 2.742919921875000000e-01
7.500000000000000000e+00 2.604980468750000000e-01
8.000000000000000000e+00 2.720947265625000000e-01
