1.000000000000000000e+00 7.010498046875000000e-01
1.500000000000000000e+00 5.035400390625000000e-01
2.000000000000000000e+00 4.316406250000000000e-01
2.500000000000000000e+00 3.750000000000000000e-01
3.000000000000000000e+00 3.419189453125000000e-01
3.500000000000000000e+00 3.129882812500000000e-01
4.000000000000000000e+00 2.949218750000000000e-01
4.500000000000000000e+00 2.728271484375000000e-01
5.000000000000000000e+00 2.642822265625000000e-01
5.500000000000000000e+00 2.752685546875000000e-01
6.000000000000000000e+00 2.741699218750000000e-01
6.500000000000000000e+00 2.794189453125000000e-01
7.000000000000000000e+00 2.750244140625000000e-01
7.500000000000000000e+00 2.778320312500000000e-01
8.000000000000000000e+00 2.784423828125000000e-01
