1.000000000000000000e+00 6.402587890625000000e-01
1.500000000000000000e+00 4.455566406250000000e-01
2.000000000000000000e+00 3.647460937500000000e-01
2.500000000000000000e+00 3.479003906250000000e-01
3.000000000000000000e+00 3.161621093750000000e-01
3.500000000000000000e+00 2.866210937500000000e-01
4.000000000000000000e+00 2.808837890625000000e-01
4.500000000000000000e+00 2.706298828125000000e-01
5.000000000000000000e+00 2.741699218750000000e-01
5.500000000000000000e+00 2.623291015625000000e-01
6.000000000000000000e+00 2.747802734375000000e-01
6.500000000000000000e+00 2.619628906250000000e-01
7.000000000000000000e+00 2.744140625000000000e-01
7.500000000000000000e+00 2.667236328125000000e-01
8.000000000000000000e+00 2.541503906250000000e-01
