1.000000000000000000e+00 6.821289062500000000e-01
1.500000000000000000e+00 4.405517578125000000e-01
2.000000000000000000e+00 3.447265625000000000e-01
2.500000000000000000e+00 2.940673828125000000e-01
3.000000000000000000e+00 3.105468750000000000e-01
3.500000000000000000e+00 2.855224609375000000e-01
4.000000000000000000e+00 2.846679687500000000e-01
4.500000000000000000e+00 2.858886718750000000e-01
5.000000000000000000e+00 2.779541015625000000e-01
5.500000000000000000e+00 2.810058593750000000e-01
6.000000000000000000e+00 2.840576171875000000e-01
6.500000000000000000e+00 2.805175781250000000e-01
7.000000000000000000e+00 2.867431640625000000e-01
7.500000000000000000e+00 2.742919921875000000e-01
8.000000000000000000e+00 2.767333984375000000e-01
