1.000000000000000000e+00 6.911621093750000000e-01
1.500000000000000000e+00 5.092773437500000000e-01
2.000000000000000000e+00 4.117431640625000000e-01
2.500000000000000000e+00 3.365478515625000000e-01
3.000000000000000000e+00 3.269042968750000000e-01
3.500000000000000000e+00 3.129882812500000000e-01
4.000000000000000000e+00 2.806396484375000000e-01
4.500000000000000000e+00 2.724609375000000000e-01
5.000000000000000000e+00 2.656250000000000000e-01
5.500000000000000000e+00 2.752685546875000000e-01
6.000000000000000000e+00 2.788085937500000000e-01
6.500000000000000000e+00 2.679443359375000000e-01
7.000000000000000000e+00 2.761230468750000000e-01
7.500000000000000000e+00 2.758789062500000000e-01
8.000000000000000000e+00 2.777099609375000000e-01
