1.000000000000000000e+00 6.654052734375000000e-01
1.500000000000000000e+00 4.511718750000000000e-01
2.000000000000000000e+00 3.625488281250000000e-01
2.500000000000000000e+00 3.292236328125000000e-01
3.000000000000000000e+00 3.299560546875000000e-01
3.500000000000000000e+00 2.990722656250000000e-01
4.000000000000000000e+00 3.089599609375000000e-01
4.500000000000000000e+00 2.729492187500000000e-01
5.000000000000000000e+00 2.872314453125000000e-01
5.500000000000000000e+00 2.822265625000000000e-01
6.000000000000000000e+00 2.830810546875000000e-01
6.500000000000000000e+00 2.850341796875000000e-01
7.000000000000000000e+00 2.791748046875000000e-01
7.500000000000000000e+00 2.877197265625000000e-01
8.000000000000000000e+00 2.829589843750000000e-01
