1.000000000000000000e+00 6.994628906250000000e-01
1.500000000000000000e+00 5.062255859375000000e-01
2.000000000000000000e+00 4.163818359375000000e-01
2.500000000000000000e+00 3.234863281250000000e-01
3.000000000000000000e+00 3.409423828125000000e-01
3.500000000000000000e+00 3.110351562500000000e-01
4.000000000000000000e+00 2.918701171875000000e-01
4.500000000000000000e+00 2.811279296875000000e-01
5.000000000000000000e+00 2.769775390625000000e-01
5.500000000000000000e+00 2.828369140625000000e-01
6.000000000000000000e+00 2.813720703125000000e-01
6.500000000000000000e+00 2.590332031250000000e-01
7.000000000000000000e+00 2.641601562500000000e-01
7.500000000000000000e+00 2.650146484375000000e-01
8.000000000000000000e+00 2.674560546875000000e-01
