1.000000000000000000e+00 6.884765625000000000e-01
1.500000000000000000e+00 4.553222656250000000e-01
2.000000000000000000e+00 3.985595703125000000e-01
2.500000000000000000e+00 3.334960937500000000e-01
3.000000000000000000e+00 3.383789062500000000e-01
3.500000000000000000e+00 3.200683593750000000e-01
4.000000000000000000e+00 2.894287109375000000e-01
4.500000000000000000e+00 2.873535156250000000e-01
5.000000000000000000e+00 2.832031250000000000e-01
5.500000000000000000e+00 2.857666015625000000e-01
6.000000000000000000e+00 2.746582031250000000e-01
6.500000000000000000e+00 2.797851562500000000e-01
7.000000000000000000e+00 2.791748046875000000e-01
7.500000000000000000e+00 2.775878906250000000e-01
8.000000000000000000e+00 2.772216796875000000e-01
