1.000000000000000000e+00 6.690673828125000000e-01
1.500000000000000000e+00 4.531250000000000000e-01
2.000000000000000000e+00 3.767089843750000000e-01
2.500000000000000000e+00 3.602294921875000000e-01
3.000000000000000000e+00 3.359375000000000000e-01
3.500000000000000000e+00 3.057861328125000000e-01
4.000000000000000000e+00 2.984619140625000000e-01
4.500000000000000000e+00 2.849121093750000000e-01
5.000000000000000000e+00 2.856445312500000000e-01
5.500000000000000000e+00 2.950439453125000000e-01
6.000000000000000000e+00 2.868652343750000000e-01
6.500000000000000000e+00 2.902832031250000000e-01
7.000000000000000000e+00 2.749023437500000000e-01
7.500000000000000000e+00 2.918701171875000000e-01
8.000000000000000000e+00 2.976074218750000000e-01
