1.000000000000000000e+00 6.524658203125000000e-01
1.500000000000000000e+00 4.719238281250000000e-01
2.000000000000000000e+00 3.862304687500000000e-01
2.500000000000000000e+00 3.398437500000000000e-01
3.000000000000000000e+00 3.173828125000000000e-01
3.500000000000000000e+00 3.041992187500000000e-01
4.000000000000000000e+00 2.905273437500000000e-01
4.500000000000000000e+00 2.686767578125000000e-01
5.000000000000000000e+00 2.784423828125000000e-01
5.500000000000000000e+00 2.821044921875000000e-01
6.000000000000000000e+00 2.757568359375000000e-01
6.500000000000000000e+00 2.796630859375000000e-01
7.000000000000000000e+00 2.790527343750000000e-01
7.500000000000000000e+00 2.841796875000000000e-01
8.000000000000000000e+00 2.717285156250000000e-01
