1.000000000000000000e+00 7.081298828125000000e-01
1.500000000000000000e+00 5.256347656250000000e-01
2.000000000000000000e+00 4.544677734375000000e-01
2.500000000000000000e+00 4.135742187500000000e-01
3.000000000000000000e+00 3.471679687500000000e-01
3.500000000000000000e+00 3.197021484375000000e-01
4.000000000000000000e+00 2.767333984375000000e-01
4.500000000000000000e+00 2.878417968750000000e-01
5.000000000000000000e+00 2.972412109375000000e-01
5.500000000000000000e+00 2.700195312500000000e-01
6.000000000000000000e+00 2.775878906250000000e-01
6.500000000000000000e+00 2.780761718750000000e-01
7.000000000000000000e+00 2.849121093750000000e-01
7.500000000000000000e+00 2.700195312500000000e-01
8.000000000000000000e+00 2.724609375000000000e-01
