1.000000000000000000e+00 6.926269531250000000e-01
1.500000000000000000e+00 5.504150390625000000e-01
2.000000000000000000e+00 3.936767578125000000e-01
2.500000000000000000e+00 3.365478515625000000e-01
3.000000000000000000e+00 3.156738281250000000e-01
3.500000000000000000e+00 2.706298828125000000e-01
4.000000000000000000e+00 2.731933593750000000e-01
4.500000000000000000e+00 2.613525390625000000e-01
5.000000000000000000e+00 2.624511718750000000e-01
5.500000000000000000e+00 2.568359375000000000e-01
6.000000000000000000e+00 2.572021484375000000e-01
6.500000000000000000e+00 2.630615234375000000e-01
7.000000000000000000e+00 2.586669921875000000e-01
7.500000000000000000e+00 2.702636718750000000e-01
8.000000000000000000e+00 2.666015625000000000e-01
