1.000000000000000000e+00 6.719970703125000000e-01
1.500000000000000000e+00 4.511718750000000000e-01
2.000000000000000000e+00 3.194580078125000000e-01
2.500000000000000000e+00 3.176269531250000000e-01
3.000000000000000000e+00 2.860107421875000000e-01
3.500000000000000000e+00 2.762451171875000000e-01
4.000000000000000000e+00 2.698974609375000000e-01
4.500000000000000000e+00 2.663574218750000000e-01
5.000000000000000000e+00 2.706298828125000000e-01
5.500000000000000000e+00 2.706298828125000000e-01
6.000000000000000000e+00 2.741699218750000000e-01
6.500000000000000000e+00 2.834472656250000000e-01
7.000000000000000000e+00 2.707519531250000000e-01
7.500000000000000000e+00 2.648925781250000000e-01
8.000000000000000000e+00 2.766113281250000000e-01
