1.000000000000000000e+00 6.520996093750000000e-01
1.500000000000000000e+00 4.486083984375000000e-01
2.000000000000000000e+00 3.414306640625000000e-01
2.500000000000000000e+00 3.428955078125000000e-01
3.000000000000000000e+00 3.026123046875000000e-01
3.500000000000000000e+00 2.836914062500000000e-01
4.000000000000000000e+00 2.733154296875000000e-01
4.500000000000000000e+00 2.709960937500000000e-01
5.000000000000000000e+00 2.675781250000000000e-01
5.500000000000000000e+00 2.536621093750000000e-01
6.000000000000000000e+00 2.614746093750000000e-01
6.500000000000000000e+00 2.506103515625000000e-01
7.000000000000000000e+00 2.589111328125000000e-01
7.500000000000000000e+00 2.590332031250000000e-01
8.000000000000000000e+00 2.591552734375000000e-01
