1.000000000000000000e+00 6.975097656250000000e-01
1.500000000000000000e+00 5.649414062500000000e-01
2.000000000000000000e+00 4.461669921875000000e-01
2.500000000000000000e+00 4.018554687500000000e-01
3.000000000000000000e+00 3.731689453125000000e-01
3.500000000000000000e+00 3.674316406250000000e-01
4.000000000000000000e+00 3.098144531250000000e-01
4.500000000000000000e+00 3.035888671875000000e-01
5.000000000000000000e+00 2.915039062500000000e-01
5.500000000000000000e+00 3.020019531250000000e-01
6.000000000000000000e+00 2.962646484375000000e-01
6.500000000000000000e+00 2.854003906250000000e-01
7.000000000000000000e+00 2.885742187500000000e-01
7.500000000000000000e+00 2.825927734375000000e-01
8.000000000000000000e+00 2.800292968750000000e-01
